(kicad_pcb (version 20171130) (host pcbnew "(5.1.2)-1")

  (general
    (thickness 1.6)
    (drawings 26)
    (tracks 85)
    (zones 0)
    (modules 21)
    (nets 16)
  )

  (page A4)
  (layers
    (0 F.Cu mixed)
    (31 B.Cu mixed)
    (33 F.Adhes user)
    (35 F.Paste user)
    (36 B.SilkS user hide)
    (37 F.SilkS user hide)
    (38 B.Mask user)
    (39 F.Mask user)
    (40 Dwgs.User user)
    (41 Cmts.User user)
    (42 Eco1.User user)
    (43 Eco2.User user)
    (44 Edge.Cuts user)
    (45 Margin user)
    (47 F.CrtYd user)
    (49 F.Fab user hide)
  )

  (setup
    (last_trace_width 0.254)
    (user_trace_width 0.1778)
    (user_trace_width 0.254)
    (user_trace_width 0.4064)
    (user_trace_width 0.508)
    (user_trace_width 0.635)
    (trace_clearance 0.2032)
    (zone_clearance 0.2032)
    (zone_45_only no)
    (trace_min 0.1778)
    (via_size 0.6)
    (via_drill 0.3)
    (via_min_size 0.5)
    (via_min_drill 0.3)
    (user_via 0.5 0.3)
    (uvia_size 0.3)
    (uvia_drill 0.1)
    (uvias_allowed no)
    (uvia_min_size 0.2)
    (uvia_min_drill 0.1)
    (edge_width 0.15)
    (segment_width 0.2)
    (pcb_text_width 0.3)
    (pcb_text_size 1.5 1.5)
    (mod_edge_width 0.15)
    (mod_text_size 1 1)
    (mod_text_width 0.15)
    (pad_size 0.5 0.5)
    (pad_drill 0.3)
    (pad_to_mask_clearance 0.04)
    (solder_mask_min_width 0.1016)
    (pad_to_paste_clearance -0.0762)
    (aux_axis_origin 0 0)
    (visible_elements 7FFFFF1F)
    (pcbplotparams
      (layerselection 0x010d8_80000001)
      (usegerberextensions true)
      (usegerberattributes false)
      (usegerberadvancedattributes false)
      (creategerberjobfile false)
      (excludeedgelayer true)
      (linewidth 0.100000)
      (plotframeref false)
      (viasonmask false)
      (mode 1)
      (useauxorigin false)
      (hpglpennumber 1)
      (hpglpenspeed 20)
      (hpglpendiameter 15.000000)
      (psnegative false)
      (psa4output false)
      (plotreference false)
      (plotvalue false)
      (plotinvisibletext false)
      (padsonsilk false)
      (subtractmaskfromsilk false)
      (outputformat 1)
      (mirror false)
      (drillshape 0)
      (scaleselection 1)
      (outputdirectory "gerbs/"))
  )

  (net 0 "")
  (net 1 +3V3)
  (net 2 GND)
  (net 3 +5V)
  (net 4 "Net-(D1-Pad2)")
  (net 5 /LED)
  (net 6 /I2C_SCL)
  (net 7 /I2C_SDA)
  (net 8 /GC_DATA)
  (net 9 "Net-(L1-Pad1)")
  (net 10 "Net-(J1-Pad10)")
  (net 11 "Net-(J1-Pad9)")
  (net 12 "Net-(J1-Pad8)")
  (net 13 "Net-(J1-Pad7)")
  (net 14 "Net-(J2-Pad5)")
  (net 15 "Net-(U2-Pad5)")

  (net_class Default "This is the default net class."
    (clearance 0.2032)
    (trace_width 0.254)
    (via_dia 0.6)
    (via_drill 0.3)
    (uvia_dia 0.3)
    (uvia_drill 0.1)
    (add_net +3V3)
    (add_net +5V)
    (add_net /GC_DATA)
    (add_net /I2C_SCL)
    (add_net /I2C_SDA)
    (add_net /LED)
    (add_net GND)
    (add_net "Net-(D1-Pad2)")
    (add_net "Net-(J1-Pad10)")
    (add_net "Net-(J1-Pad7)")
    (add_net "Net-(J1-Pad8)")
    (add_net "Net-(J1-Pad9)")
    (add_net "Net-(J2-Pad5)")
    (add_net "Net-(L1-Pad1)")
    (add_net "Net-(U2-Pad5)")
  )

  (module gcConn:VSTICH_.3MM (layer F.Cu) (tedit 5A92C061) (tstamp 5A9ACC0E)
    (at 159.1 67.1)
    (fp_text reference REF** (at 0 1.3) (layer F.SilkS) hide
      (effects (font (size 1 1) (thickness 0.15)))
    )
    (fp_text value VSTICH_.3MM (at 0 -1.6) (layer F.Fab) hide
      (effects (font (size 1 1) (thickness 0.15)))
    )
    (pad 1 thru_hole circle (at 0 0) (size 0.5 0.5) (drill 0.3) (layers *.Cu *.Mask)
      (net 2 GND) (zone_connect 2))
  )

  (module gcConn:VSTICH_.3MM (layer F.Cu) (tedit 5A92C061) (tstamp 5A9ACC01)
    (at 158.4 63.7)
    (fp_text reference REF** (at 0 1.3) (layer F.SilkS) hide
      (effects (font (size 1 1) (thickness 0.15)))
    )
    (fp_text value VSTICH_.3MM (at 0 -1.6) (layer F.Fab) hide
      (effects (font (size 1 1) (thickness 0.15)))
    )
    (pad 1 thru_hole circle (at 0 0) (size 0.5 0.5) (drill 0.3) (layers *.Cu *.Mask)
      (net 2 GND) (zone_connect 2))
  )

  (module gcConn:VSTICH_.3MM (layer F.Cu) (tedit 5A92C061) (tstamp 5A9AC356)
    (at 168.9 70.3)
    (fp_text reference REF** (at 0 1.3) (layer F.SilkS) hide
      (effects (font (size 1 1) (thickness 0.15)))
    )
    (fp_text value VSTICH_.3MM (at 0 -1.6) (layer F.Fab) hide
      (effects (font (size 1 1) (thickness 0.15)))
    )
    (pad 1 thru_hole circle (at 0 0) (size 0.5 0.5) (drill 0.3) (layers *.Cu *.Mask)
      (net 2 GND) (zone_connect 2))
  )

  (module gcConn:VSTICH_.3MM (layer F.Cu) (tedit 5A92C061) (tstamp 5A92D84D)
    (at 162.8 71.71)
    (fp_text reference REF** (at 0 1.3) (layer F.SilkS) hide
      (effects (font (size 1 1) (thickness 0.15)))
    )
    (fp_text value VSTICH_.3MM (at 0 -1.6) (layer F.Fab) hide
      (effects (font (size 1 1) (thickness 0.15)))
    )
    (pad 1 thru_hole circle (at 0 0) (size 0.5 0.5) (drill 0.3) (layers *.Cu *.Mask)
      (net 2 GND) (zone_connect 2))
  )

  (module gcConn:VSTICH_.3MM (layer F.Cu) (tedit 5A92C061) (tstamp 5A92D701)
    (at 163.3 61.2)
    (fp_text reference REF** (at 0 1.3) (layer F.SilkS) hide
      (effects (font (size 1 1) (thickness 0.15)))
    )
    (fp_text value VSTICH_.3MM (at 0 -1.6) (layer F.Fab) hide
      (effects (font (size 1 1) (thickness 0.15)))
    )
    (pad 1 thru_hole circle (at 0 0) (size 0.5 0.5) (drill 0.3) (layers *.Cu *.Mask)
      (net 2 GND) (zone_connect 2))
  )

  (module gcConn:pmod-2x6 (layer F.Cu) (tedit 5A884AB2) (tstamp 5A88A046)
    (at 153 67 90)
    (path /5A884A8A)
    (fp_text reference J1 (at 0 3.8 90) (layer F.SilkS)
      (effects (font (size 1 1) (thickness 0.15)))
    )
    (fp_text value 2x6_PMOD (at 0 -3.4 90) (layer F.Fab)
      (effects (font (size 1 1) (thickness 0.15)))
    )
    (fp_line (start -7.77 2.39) (end -7.77 -5.69) (layer Eco1.User) (width 0.15))
    (fp_line (start 7.77 2.39) (end -7.77 2.39) (layer Eco1.User) (width 0.15))
    (fp_line (start 7.77 -5.69) (end 7.77 2.39) (layer Eco1.User) (width 0.15))
    (fp_line (start -7.77 -5.69) (end 7.77 -5.69) (layer Eco1.User) (width 0.15))
    (pad 12 thru_hole circle (at -6.35 -1.27 90) (size 1.6 1.6) (drill 1.1) (layers *.Cu *.Mask)
      (net 1 +3V3))
    (pad 11 thru_hole circle (at -3.81 -1.27 90) (size 1.6 1.6) (drill 1.1) (layers *.Cu *.Mask)
      (net 2 GND))
    (pad 10 thru_hole circle (at -1.27 -1.27 90) (size 1.6 1.6) (drill 1.1) (layers *.Cu *.Mask)
      (net 10 "Net-(J1-Pad10)"))
    (pad 9 thru_hole circle (at 1.27 -1.27 90) (size 1.6 1.6) (drill 1.1) (layers *.Cu *.Mask)
      (net 11 "Net-(J1-Pad9)"))
    (pad 8 thru_hole circle (at 3.81 -1.27 90) (size 1.6 1.6) (drill 1.1) (layers *.Cu *.Mask)
      (net 12 "Net-(J1-Pad8)"))
    (pad 7 thru_hole circle (at 6.35 -1.27 90) (size 1.6 1.6) (drill 1.1) (layers *.Cu *.Mask)
      (net 13 "Net-(J1-Pad7)"))
    (pad 6 thru_hole circle (at -6.35 1.27 90) (size 1.6 1.6) (drill 1.1) (layers *.Cu *.Mask)
      (net 1 +3V3))
    (pad 5 thru_hole circle (at -3.81 1.27 90) (size 1.6 1.6) (drill 1.1) (layers *.Cu *.Mask)
      (net 2 GND))
    (pad 4 thru_hole circle (at -1.27 1.27 90) (size 1.6 1.6) (drill 1.1) (layers *.Cu *.Mask)
      (net 8 /GC_DATA))
    (pad 3 thru_hole circle (at 1.27 1.27 90) (size 1.6 1.6) (drill 1.1) (layers *.Cu *.Mask)
      (net 7 /I2C_SDA))
    (pad 2 thru_hole circle (at 3.81 1.27 90) (size 1.6 1.6) (drill 1.1) (layers *.Cu *.Mask)
      (net 6 /I2C_SCL))
    (pad 1 thru_hole circle (at 6.35 1.27 90) (size 1.6 1.6) (drill 1.1) (layers *.Cu *.Mask)
      (net 5 /LED))
    (model C:/workspace/gameCubeConnPmod/lib/3d/pmod-2x6.wrl
      (offset (xyz 0 4.000499939918518 1.650999975204468))
      (scale (xyz 0.393701 0.393701 0.393701))
      (rotate (xyz -90 180 180))
    )
  )

  (module gcConn:SC70-6 (layer F.Cu) (tedit 5A88421A) (tstamp 5A88A089)
    (at 160.1 72.38 270)
    (path /5A882DA2)
    (fp_text reference U1 (at 0 2.9 270) (layer F.SilkS)
      (effects (font (size 1 1) (thickness 0.15)))
    )
    (fp_text value LTC3525 (at 0 -2.8 270) (layer F.Fab)
      (effects (font (size 1 1) (thickness 0.15)))
    )
    (fp_circle (center -1.8 1) (end -1.9 0.7) (layer F.SilkS) (width 0.25))
    (fp_line (start 1 -1.05) (end -1 -1.05) (layer Eco1.User) (width 0.15))
    (fp_line (start 1 1.05) (end 1 -1.05) (layer Eco1.User) (width 0.15))
    (fp_line (start -1 1.05) (end 1 1.05) (layer Eco1.User) (width 0.15))
    (fp_line (start -1 -1.05) (end -1 1.05) (layer Eco1.User) (width 0.15))
    (pad 1 smd rect (at -0.65 0.9 270) (size 0.45 1) (layers F.Cu F.Paste F.Mask)
      (net 1 +3V3))
    (pad 2 smd rect (at 0 0.9 270) (size 0.45 1) (layers F.Cu F.Paste F.Mask)
      (net 2 GND))
    (pad 3 smd rect (at 0.65 0.9 270) (size 0.45 1) (layers F.Cu F.Paste F.Mask)
      (net 1 +3V3))
    (pad 4 smd rect (at 0.65 -0.9 270) (size 0.45 1) (layers F.Cu F.Paste F.Mask)
      (net 3 +5V))
    (pad 5 smd rect (at 0 -0.9 270) (size 0.45 1) (layers F.Cu F.Paste F.Mask)
      (net 2 GND))
    (pad 6 smd rect (at -0.65 -0.9 270) (size 0.45 1) (layers F.Cu F.Paste F.Mask)
      (net 9 "Net-(L1-Pad1)"))
    (model ${KISYS3DMOD}/Package_TO_SOT_SMD.3dshapes/SOT-363_SC-70-6.step
      (at (xyz 0 0 0))
      (scale (xyz 1 1 1))
      (rotate (xyz 0 0 -90))
    )
  )

  (module gcConn:SOT23-5 (layer F.Cu) (tedit 5A884094) (tstamp 5A88A096)
    (at 163.2 61.2 270)
    (path /5A886675)
    (fp_text reference U2 (at 0 2.8 270) (layer F.SilkS)
      (effects (font (size 1 1) (thickness 0.15)))
    )
    (fp_text value CAT24AA01 (at 0 -2.7 270) (layer F.Fab)
      (effects (font (size 1 1) (thickness 0.15)))
    )
    (fp_line (start 1.45 -0.8) (end -1.45 -0.8) (layer Eco1.User) (width 0.15))
    (fp_line (start 1.45 0.8) (end 1.45 -0.8) (layer Eco1.User) (width 0.15))
    (fp_line (start -1.45 0.8) (end 1.45 0.8) (layer Eco1.User) (width 0.15))
    (fp_line (start -1.45 -0.8) (end -1.45 0.8) (layer Eco1.User) (width 0.15))
    (pad 1 smd rect (at -0.95 1.1 270) (size 0.65 1.06) (layers F.Cu F.Paste F.Mask)
      (net 6 /I2C_SCL))
    (pad 2 smd rect (at 0 1.1 270) (size 0.65 1.06) (layers F.Cu F.Paste F.Mask)
      (net 2 GND))
    (pad 3 smd rect (at 0.95 1.1 270) (size 0.65 1.06) (layers F.Cu F.Paste F.Mask)
      (net 7 /I2C_SDA))
    (pad 4 smd rect (at 0.95 -1.1 270) (size 0.65 1.06) (layers F.Cu F.Paste F.Mask)
      (net 1 +3V3))
    (pad 5 smd rect (at -0.95 -1.1 270) (size 0.65 1.06) (layers F.Cu F.Paste F.Mask)
      (net 15 "Net-(U2-Pad5)"))
    (model ${KISYS3DMOD}/Package_TO_SOT_SMD.3dshapes/SOT-23-5.wrl
      (at (xyz 0 0 0))
      (scale (xyz 1 1 1))
      (rotate (xyz 0 0 -90))
    )
  )

  (module gcConn:VSTICH_.3MM (layer F.Cu) (tedit 5A92C061) (tstamp 5A92C053)
    (at 160.1 73.86)
    (fp_text reference REF** (at 0 1.3) (layer F.SilkS) hide
      (effects (font (size 1 1) (thickness 0.15)))
    )
    (fp_text value VSTICH_.3MM (at 0 -1.6) (layer F.Fab) hide
      (effects (font (size 1 1) (thickness 0.15)))
    )
    (pad 1 thru_hole circle (at 0 0) (size 0.5 0.5) (drill 0.3) (layers *.Cu *.Mask)
      (net 2 GND) (zone_connect 2))
  )

  (module gcConn:NRH3012T100MN (layer F.Cu) (tedit 5A9AB8C3) (tstamp 5A9ABD5E)
    (at 159.21 69.53 180)
    (path /5A88371C)
    (fp_text reference L1 (at 0 3 180) (layer F.SilkS)
      (effects (font (size 1 1) (thickness 0.15)))
    )
    (fp_text value 10uH (at 0 -3 180) (layer F.Fab)
      (effects (font (size 1 1) (thickness 0.15)))
    )
    (fp_line (start -1.5 1.5) (end -1.5 -1.5) (layer Eco1.User) (width 0.15))
    (fp_line (start 1.5 1.5) (end -1.5 1.5) (layer Eco1.User) (width 0.15))
    (fp_line (start 1.5 -1.5) (end 1.5 1.5) (layer Eco1.User) (width 0.15))
    (fp_line (start -1.5 -1.5) (end 1.5 -1.5) (layer Eco1.User) (width 0.15))
    (pad 1 smd rect (at -1.1 0 180) (size 0.8 2.7) (layers F.Cu F.Paste F.Mask)
      (net 9 "Net-(L1-Pad1)"))
    (pad 2 smd rect (at 1.1 0 180) (size 0.8 2.7) (layers F.Cu F.Paste F.Mask)
      (net 1 +3V3))
    (model ../../../../../../workspace/gameCubeConnPmod/lib/3d/NRH3012T100MN.wrl
      (at (xyz 0 0 0))
      (scale (xyz 0.3937007874015748 0.3937007874015748 0.3937007874015748))
      (rotate (xyz 0 0 0))
    )
  )

  (module gcConn:gcConn (layer F.Cu) (tedit 5AA49529) (tstamp 5A88A056)
    (at 173.8 67 90)
    (path /5A882D87)
    (fp_text reference J2 (at 0 9.7 90) (layer F.SilkS)
      (effects (font (size 1 1) (thickness 0.15)))
    )
    (fp_text value gcConn (at 0 -7.3 90) (layer F.Fab)
      (effects (font (size 1 1) (thickness 0.15)))
    )
    (fp_line (start -5.75 5.75) (end -1.76 5.75) (layer Eco1.User) (width 0.15))
    (fp_line (start 5.75 5.75) (end 1.8 5.75) (layer Eco1.User) (width 0.15))
    (fp_line (start 5.75 -5.75) (end -5.75 -5.75) (layer Eco1.User) (width 0.15))
    (fp_line (start 5.75 5.75) (end 5.75 -5.75) (layer Eco1.User) (width 0.15))
    (fp_line (start -5.75 -5.75) (end -5.75 5.75) (layer Eco1.User) (width 0.15))
    (pad 3 thru_hole circle (at -1.91 0.635 90) (size 1.1 1.1) (drill 0.675) (layers *.Cu *.Mask)
      (net 2 GND))
    (pad 2 thru_hole circle (at 0 0.635 90) (size 1.1 1.1) (drill 0.675) (layers *.Cu *.Mask)
      (net 8 /GC_DATA))
    (pad 1 thru_hole circle (at 1.91 0.635 90) (size 1.1 1.1) (drill 0.675) (layers *.Cu *.Mask)
      (net 3 +5V))
    (pad 4 thru_hole circle (at 1.91 -0.635 90) (size 1.1 1.1) (drill 0.675) (layers *.Cu *.Mask)
      (net 2 GND))
    (pad 5 thru_hole circle (at 0 -0.635 90) (size 1.1 1.1) (drill 0.675) (layers *.Cu *.Mask)
      (net 14 "Net-(J2-Pad5)"))
    (pad 6 thru_hole circle (at -1.91 -0.635 90) (size 1.1 1.1) (drill 0.675) (layers *.Cu *.Mask)
      (net 1 +3V3))
    (pad 7 thru_hole circle (at 0 5.475 90) (size 3.2 3.2) (drill 2.2) (layers *.Cu *.Mask)
      (net 2 GND))
    (model ../../../../../../workspace/gameCubeConnPmod/lib/3d/gcContConn.wrl
      (offset (xyz 2.222499966621399 0.7619999885559082 -3.047999954223633))
      (scale (xyz 0.393701 0.393701 0.393701))
      (rotate (xyz 0 0 180))
    )
  )

  (module Capacitor_SMD:C_0603_1608Metric (layer F.Cu) (tedit 5B301BBE) (tstamp 5CF832B8)
    (at 157.91 72.77 90)
    (descr "Capacitor SMD 0603 (1608 Metric), square (rectangular) end terminal, IPC_7351 nominal, (Body size source: http://www.tortai-tech.com/upload/download/2011102023233369053.pdf), generated with kicad-footprint-generator")
    (tags capacitor)
    (path /5A883022)
    (attr smd)
    (fp_text reference C1 (at 0 -1.43 90) (layer F.SilkS)
      (effects (font (size 1 1) (thickness 0.15)))
    )
    (fp_text value 4.7uF (at 0 1.43 90) (layer F.Fab)
      (effects (font (size 1 1) (thickness 0.15)))
    )
    (fp_line (start -0.8 0.4) (end -0.8 -0.4) (layer F.Fab) (width 0.1))
    (fp_line (start -0.8 -0.4) (end 0.8 -0.4) (layer F.Fab) (width 0.1))
    (fp_line (start 0.8 -0.4) (end 0.8 0.4) (layer F.Fab) (width 0.1))
    (fp_line (start 0.8 0.4) (end -0.8 0.4) (layer F.Fab) (width 0.1))
    (fp_line (start -0.162779 -0.51) (end 0.162779 -0.51) (layer F.SilkS) (width 0.12))
    (fp_line (start -0.162779 0.51) (end 0.162779 0.51) (layer F.SilkS) (width 0.12))
    (fp_line (start -1.48 0.73) (end -1.48 -0.73) (layer F.CrtYd) (width 0.05))
    (fp_line (start -1.48 -0.73) (end 1.48 -0.73) (layer F.CrtYd) (width 0.05))
    (fp_line (start 1.48 -0.73) (end 1.48 0.73) (layer F.CrtYd) (width 0.05))
    (fp_line (start 1.48 0.73) (end -1.48 0.73) (layer F.CrtYd) (width 0.05))
    (fp_text user %R (at 0 0 90) (layer F.Fab)
      (effects (font (size 0.4 0.4) (thickness 0.06)))
    )
    (pad 1 smd roundrect (at -0.7875 0 90) (size 0.875 0.95) (layers F.Cu F.Paste F.Mask) (roundrect_rratio 0.25)
      (net 1 +3V3))
    (pad 2 smd roundrect (at 0.7875 0 90) (size 0.875 0.95) (layers F.Cu F.Paste F.Mask) (roundrect_rratio 0.25)
      (net 2 GND))
    (model ${KISYS3DMOD}/Capacitor_SMD.3dshapes/C_0603_1608Metric.wrl
      (at (xyz 0 0 0))
      (scale (xyz 1 1 1))
      (rotate (xyz 0 0 0))
    )
  )

  (module Capacitor_SMD:C_1206_3216Metric (layer F.Cu) (tedit 5B301BBE) (tstamp 5CF832C8)
    (at 162.8 71.71 90)
    (descr "Capacitor SMD 1206 (3216 Metric), square (rectangular) end terminal, IPC_7351 nominal, (Body size source: http://www.tortai-tech.com/upload/download/2011102023233369053.pdf), generated with kicad-footprint-generator")
    (tags capacitor)
    (path /5A882E90)
    (attr smd)
    (fp_text reference C2 (at 0 -1.82 90) (layer F.SilkS)
      (effects (font (size 1 1) (thickness 0.15)))
    )
    (fp_text value 22uF (at 0 1.82 90) (layer F.Fab)
      (effects (font (size 1 1) (thickness 0.15)))
    )
    (fp_line (start -1.6 0.8) (end -1.6 -0.8) (layer F.Fab) (width 0.1))
    (fp_line (start -1.6 -0.8) (end 1.6 -0.8) (layer F.Fab) (width 0.1))
    (fp_line (start 1.6 -0.8) (end 1.6 0.8) (layer F.Fab) (width 0.1))
    (fp_line (start 1.6 0.8) (end -1.6 0.8) (layer F.Fab) (width 0.1))
    (fp_line (start -0.602064 -0.91) (end 0.602064 -0.91) (layer F.SilkS) (width 0.12))
    (fp_line (start -0.602064 0.91) (end 0.602064 0.91) (layer F.SilkS) (width 0.12))
    (fp_line (start -2.28 1.12) (end -2.28 -1.12) (layer F.CrtYd) (width 0.05))
    (fp_line (start -2.28 -1.12) (end 2.28 -1.12) (layer F.CrtYd) (width 0.05))
    (fp_line (start 2.28 -1.12) (end 2.28 1.12) (layer F.CrtYd) (width 0.05))
    (fp_line (start 2.28 1.12) (end -2.28 1.12) (layer F.CrtYd) (width 0.05))
    (fp_text user %R (at 0 0 90) (layer F.Fab)
      (effects (font (size 0.8 0.8) (thickness 0.12)))
    )
    (pad 1 smd roundrect (at -1.4 0 90) (size 1.25 1.75) (layers F.Cu F.Paste F.Mask) (roundrect_rratio 0.2)
      (net 3 +5V))
    (pad 2 smd roundrect (at 1.4 0 90) (size 1.25 1.75) (layers F.Cu F.Paste F.Mask) (roundrect_rratio 0.2)
      (net 2 GND))
    (model ${KISYS3DMOD}/Capacitor_SMD.3dshapes/C_1206_3216Metric.wrl
      (at (xyz 0 0 0))
      (scale (xyz 1 1 1))
      (rotate (xyz 0 0 0))
    )
  )

  (module Capacitor_SMD:C_0603_1608Metric (layer F.Cu) (tedit 5B301BBE) (tstamp 5CF832D8)
    (at 164.6 72.4 90)
    (descr "Capacitor SMD 0603 (1608 Metric), square (rectangular) end terminal, IPC_7351 nominal, (Body size source: http://www.tortai-tech.com/upload/download/2011102023233369053.pdf), generated with kicad-footprint-generator")
    (tags capacitor)
    (path /5A92BB9F)
    (attr smd)
    (fp_text reference C3 (at 0 -1.43 90) (layer F.SilkS)
      (effects (font (size 1 1) (thickness 0.15)))
    )
    (fp_text value .01uF (at 0 1.43 90) (layer F.Fab)
      (effects (font (size 1 1) (thickness 0.15)))
    )
    (fp_line (start -0.8 0.4) (end -0.8 -0.4) (layer F.Fab) (width 0.1))
    (fp_line (start -0.8 -0.4) (end 0.8 -0.4) (layer F.Fab) (width 0.1))
    (fp_line (start 0.8 -0.4) (end 0.8 0.4) (layer F.Fab) (width 0.1))
    (fp_line (start 0.8 0.4) (end -0.8 0.4) (layer F.Fab) (width 0.1))
    (fp_line (start -0.162779 -0.51) (end 0.162779 -0.51) (layer F.SilkS) (width 0.12))
    (fp_line (start -0.162779 0.51) (end 0.162779 0.51) (layer F.SilkS) (width 0.12))
    (fp_line (start -1.48 0.73) (end -1.48 -0.73) (layer F.CrtYd) (width 0.05))
    (fp_line (start -1.48 -0.73) (end 1.48 -0.73) (layer F.CrtYd) (width 0.05))
    (fp_line (start 1.48 -0.73) (end 1.48 0.73) (layer F.CrtYd) (width 0.05))
    (fp_line (start 1.48 0.73) (end -1.48 0.73) (layer F.CrtYd) (width 0.05))
    (fp_text user %R (at 0 0 90) (layer F.Fab)
      (effects (font (size 0.4 0.4) (thickness 0.06)))
    )
    (pad 1 smd roundrect (at -0.7875 0 90) (size 0.875 0.95) (layers F.Cu F.Paste F.Mask) (roundrect_rratio 0.25)
      (net 3 +5V))
    (pad 2 smd roundrect (at 0.7875 0 90) (size 0.875 0.95) (layers F.Cu F.Paste F.Mask) (roundrect_rratio 0.25)
      (net 2 GND))
    (model ${KISYS3DMOD}/Capacitor_SMD.3dshapes/C_0603_1608Metric.wrl
      (at (xyz 0 0 0))
      (scale (xyz 1 1 1))
      (rotate (xyz 0 0 0))
    )
  )

  (module Capacitor_SMD:C_0603_1608Metric (layer F.Cu) (tedit 5B301BBE) (tstamp 5CF832E8)
    (at 165.7 61.2 90)
    (descr "Capacitor SMD 0603 (1608 Metric), square (rectangular) end terminal, IPC_7351 nominal, (Body size source: http://www.tortai-tech.com/upload/download/2011102023233369053.pdf), generated with kicad-footprint-generator")
    (tags capacitor)
    (path /5A8872F3)
    (attr smd)
    (fp_text reference C4 (at 0 -1.43 90) (layer F.SilkS)
      (effects (font (size 1 1) (thickness 0.15)))
    )
    (fp_text value 1uF (at 0 1.43 90) (layer F.Fab)
      (effects (font (size 1 1) (thickness 0.15)))
    )
    (fp_text user %R (at 0 0 90) (layer F.Fab)
      (effects (font (size 0.4 0.4) (thickness 0.06)))
    )
    (fp_line (start 1.48 0.73) (end -1.48 0.73) (layer F.CrtYd) (width 0.05))
    (fp_line (start 1.48 -0.73) (end 1.48 0.73) (layer F.CrtYd) (width 0.05))
    (fp_line (start -1.48 -0.73) (end 1.48 -0.73) (layer F.CrtYd) (width 0.05))
    (fp_line (start -1.48 0.73) (end -1.48 -0.73) (layer F.CrtYd) (width 0.05))
    (fp_line (start -0.162779 0.51) (end 0.162779 0.51) (layer F.SilkS) (width 0.12))
    (fp_line (start -0.162779 -0.51) (end 0.162779 -0.51) (layer F.SilkS) (width 0.12))
    (fp_line (start 0.8 0.4) (end -0.8 0.4) (layer F.Fab) (width 0.1))
    (fp_line (start 0.8 -0.4) (end 0.8 0.4) (layer F.Fab) (width 0.1))
    (fp_line (start -0.8 -0.4) (end 0.8 -0.4) (layer F.Fab) (width 0.1))
    (fp_line (start -0.8 0.4) (end -0.8 -0.4) (layer F.Fab) (width 0.1))
    (pad 2 smd roundrect (at 0.7875 0 90) (size 0.875 0.95) (layers F.Cu F.Paste F.Mask) (roundrect_rratio 0.25)
      (net 2 GND))
    (pad 1 smd roundrect (at -0.7875 0 90) (size 0.875 0.95) (layers F.Cu F.Paste F.Mask) (roundrect_rratio 0.25)
      (net 1 +3V3))
    (model ${KISYS3DMOD}/Capacitor_SMD.3dshapes/C_0603_1608Metric.wrl
      (at (xyz 0 0 0))
      (scale (xyz 1 1 1))
      (rotate (xyz 0 0 0))
    )
  )

  (module LED_SMD:LED_0805_2012Metric (layer F.Cu) (tedit 5B36C52C) (tstamp 5CF832F8)
    (at 158.4 61.09 90)
    (descr "LED SMD 0805 (2012 Metric), square (rectangular) end terminal, IPC_7351 nominal, (Body size source: https://docs.google.com/spreadsheets/d/1BsfQQcO9C6DZCsRaXUlFlo91Tg2WpOkGARC1WS5S8t0/edit?usp=sharing), generated with kicad-footprint-generator")
    (tags diode)
    (path /5A8854DD)
    (attr smd)
    (fp_text reference D1 (at 0 -1.65 90) (layer F.SilkS)
      (effects (font (size 1 1) (thickness 0.15)))
    )
    (fp_text value GC (at 0 1.65 90) (layer F.Fab)
      (effects (font (size 1 1) (thickness 0.15)))
    )
    (fp_line (start 1 -0.6) (end -0.7 -0.6) (layer F.Fab) (width 0.1))
    (fp_line (start -0.7 -0.6) (end -1 -0.3) (layer F.Fab) (width 0.1))
    (fp_line (start -1 -0.3) (end -1 0.6) (layer F.Fab) (width 0.1))
    (fp_line (start -1 0.6) (end 1 0.6) (layer F.Fab) (width 0.1))
    (fp_line (start 1 0.6) (end 1 -0.6) (layer F.Fab) (width 0.1))
    (fp_line (start 1 -0.96) (end -1.685 -0.96) (layer F.SilkS) (width 0.12))
    (fp_line (start -1.685 -0.96) (end -1.685 0.96) (layer F.SilkS) (width 0.12))
    (fp_line (start -1.685 0.96) (end 1 0.96) (layer F.SilkS) (width 0.12))
    (fp_line (start -1.68 0.95) (end -1.68 -0.95) (layer F.CrtYd) (width 0.05))
    (fp_line (start -1.68 -0.95) (end 1.68 -0.95) (layer F.CrtYd) (width 0.05))
    (fp_line (start 1.68 -0.95) (end 1.68 0.95) (layer F.CrtYd) (width 0.05))
    (fp_line (start 1.68 0.95) (end -1.68 0.95) (layer F.CrtYd) (width 0.05))
    (fp_text user %R (at 0 0 90) (layer F.Fab)
      (effects (font (size 0.5 0.5) (thickness 0.08)))
    )
    (pad 1 smd roundrect (at -0.9375 0 90) (size 0.975 1.4) (layers F.Cu F.Paste F.Mask) (roundrect_rratio 0.25)
      (net 2 GND))
    (pad 2 smd roundrect (at 0.9375 0 90) (size 0.975 1.4) (layers F.Cu F.Paste F.Mask) (roundrect_rratio 0.25)
      (net 4 "Net-(D1-Pad2)"))
    (model ${KISYS3DMOD}/LED_SMD.3dshapes/LED_0805_2012Metric.wrl
      (at (xyz 0 0 0))
      (scale (xyz 1 1 1))
      (rotate (xyz 0 0 0))
    )
  )

  (module Resistor_SMD:R_0603_1608Metric (layer F.Cu) (tedit 5B301BBD) (tstamp 5CF8330A)
    (at 166.07 72.4 90)
    (descr "Resistor SMD 0603 (1608 Metric), square (rectangular) end terminal, IPC_7351 nominal, (Body size source: http://www.tortai-tech.com/upload/download/2011102023233369053.pdf), generated with kicad-footprint-generator")
    (tags resistor)
    (path /5AB51801)
    (attr smd)
    (fp_text reference R1 (at 0 -1.43 90) (layer F.SilkS)
      (effects (font (size 1 1) (thickness 0.15)))
    )
    (fp_text value 10k (at 0 1.43 90) (layer F.Fab)
      (effects (font (size 1 1) (thickness 0.15)))
    )
    (fp_line (start -0.8 0.4) (end -0.8 -0.4) (layer F.Fab) (width 0.1))
    (fp_line (start -0.8 -0.4) (end 0.8 -0.4) (layer F.Fab) (width 0.1))
    (fp_line (start 0.8 -0.4) (end 0.8 0.4) (layer F.Fab) (width 0.1))
    (fp_line (start 0.8 0.4) (end -0.8 0.4) (layer F.Fab) (width 0.1))
    (fp_line (start -0.162779 -0.51) (end 0.162779 -0.51) (layer F.SilkS) (width 0.12))
    (fp_line (start -0.162779 0.51) (end 0.162779 0.51) (layer F.SilkS) (width 0.12))
    (fp_line (start -1.48 0.73) (end -1.48 -0.73) (layer F.CrtYd) (width 0.05))
    (fp_line (start -1.48 -0.73) (end 1.48 -0.73) (layer F.CrtYd) (width 0.05))
    (fp_line (start 1.48 -0.73) (end 1.48 0.73) (layer F.CrtYd) (width 0.05))
    (fp_line (start 1.48 0.73) (end -1.48 0.73) (layer F.CrtYd) (width 0.05))
    (fp_text user %R (at 0 0 90) (layer F.Fab)
      (effects (font (size 0.4 0.4) (thickness 0.06)))
    )
    (pad 1 smd roundrect (at -0.7875 0 90) (size 0.875 0.95) (layers F.Cu F.Paste F.Mask) (roundrect_rratio 0.25)
      (net 3 +5V))
    (pad 2 smd roundrect (at 0.7875 0 90) (size 0.875 0.95) (layers F.Cu F.Paste F.Mask) (roundrect_rratio 0.25)
      (net 2 GND))
    (model ${KISYS3DMOD}/Resistor_SMD.3dshapes/R_0603_1608Metric.wrl
      (at (xyz 0 0 0))
      (scale (xyz 1 1 1))
      (rotate (xyz 0 0 0))
    )
  )

  (module Resistor_SMD:R_0603_1608Metric (layer F.Cu) (tedit 5B301BBD) (tstamp 5CF8331A)
    (at 163.6 66.94 180)
    (descr "Resistor SMD 0603 (1608 Metric), square (rectangular) end terminal, IPC_7351 nominal, (Body size source: http://www.tortai-tech.com/upload/download/2011102023233369053.pdf), generated with kicad-footprint-generator")
    (tags resistor)
    (path /5A886AD4)
    (attr smd)
    (fp_text reference R2 (at 0 -1.43) (layer F.SilkS)
      (effects (font (size 1 1) (thickness 0.15)))
    )
    (fp_text value 1K (at 0 1.43) (layer F.Fab)
      (effects (font (size 1 1) (thickness 0.15)))
    )
    (fp_text user %R (at 0 0) (layer F.Fab)
      (effects (font (size 0.4 0.4) (thickness 0.06)))
    )
    (fp_line (start 1.48 0.73) (end -1.48 0.73) (layer F.CrtYd) (width 0.05))
    (fp_line (start 1.48 -0.73) (end 1.48 0.73) (layer F.CrtYd) (width 0.05))
    (fp_line (start -1.48 -0.73) (end 1.48 -0.73) (layer F.CrtYd) (width 0.05))
    (fp_line (start -1.48 0.73) (end -1.48 -0.73) (layer F.CrtYd) (width 0.05))
    (fp_line (start -0.162779 0.51) (end 0.162779 0.51) (layer F.SilkS) (width 0.12))
    (fp_line (start -0.162779 -0.51) (end 0.162779 -0.51) (layer F.SilkS) (width 0.12))
    (fp_line (start 0.8 0.4) (end -0.8 0.4) (layer F.Fab) (width 0.1))
    (fp_line (start 0.8 -0.4) (end 0.8 0.4) (layer F.Fab) (width 0.1))
    (fp_line (start -0.8 -0.4) (end 0.8 -0.4) (layer F.Fab) (width 0.1))
    (fp_line (start -0.8 0.4) (end -0.8 -0.4) (layer F.Fab) (width 0.1))
    (pad 2 smd roundrect (at 0.7875 0 180) (size 0.875 0.95) (layers F.Cu F.Paste F.Mask) (roundrect_rratio 0.25)
      (net 8 /GC_DATA))
    (pad 1 smd roundrect (at -0.7875 0 180) (size 0.875 0.95) (layers F.Cu F.Paste F.Mask) (roundrect_rratio 0.25)
      (net 1 +3V3))
    (model ${KISYS3DMOD}/Resistor_SMD.3dshapes/R_0603_1608Metric.wrl
      (at (xyz 0 0 0))
      (scale (xyz 1 1 1))
      (rotate (xyz 0 0 0))
    )
  )

  (module Resistor_SMD:R_0603_1608Metric (layer F.Cu) (tedit 5B301BBD) (tstamp 5CF8332A)
    (at 162 64.1 180)
    (descr "Resistor SMD 0603 (1608 Metric), square (rectangular) end terminal, IPC_7351 nominal, (Body size source: http://www.tortai-tech.com/upload/download/2011102023233369053.pdf), generated with kicad-footprint-generator")
    (tags resistor)
    (path /5A886BAD)
    (attr smd)
    (fp_text reference R3 (at 0 -1.43) (layer F.SilkS)
      (effects (font (size 1 1) (thickness 0.15)))
    )
    (fp_text value 1K (at 0 1.43) (layer F.Fab)
      (effects (font (size 1 1) (thickness 0.15)))
    )
    (fp_line (start -0.8 0.4) (end -0.8 -0.4) (layer F.Fab) (width 0.1))
    (fp_line (start -0.8 -0.4) (end 0.8 -0.4) (layer F.Fab) (width 0.1))
    (fp_line (start 0.8 -0.4) (end 0.8 0.4) (layer F.Fab) (width 0.1))
    (fp_line (start 0.8 0.4) (end -0.8 0.4) (layer F.Fab) (width 0.1))
    (fp_line (start -0.162779 -0.51) (end 0.162779 -0.51) (layer F.SilkS) (width 0.12))
    (fp_line (start -0.162779 0.51) (end 0.162779 0.51) (layer F.SilkS) (width 0.12))
    (fp_line (start -1.48 0.73) (end -1.48 -0.73) (layer F.CrtYd) (width 0.05))
    (fp_line (start -1.48 -0.73) (end 1.48 -0.73) (layer F.CrtYd) (width 0.05))
    (fp_line (start 1.48 -0.73) (end 1.48 0.73) (layer F.CrtYd) (width 0.05))
    (fp_line (start 1.48 0.73) (end -1.48 0.73) (layer F.CrtYd) (width 0.05))
    (fp_text user %R (at 0 0) (layer F.Fab)
      (effects (font (size 0.4 0.4) (thickness 0.06)))
    )
    (pad 1 smd roundrect (at -0.7875 0 180) (size 0.875 0.95) (layers F.Cu F.Paste F.Mask) (roundrect_rratio 0.25)
      (net 1 +3V3))
    (pad 2 smd roundrect (at 0.7875 0 180) (size 0.875 0.95) (layers F.Cu F.Paste F.Mask) (roundrect_rratio 0.25)
      (net 6 /I2C_SCL))
    (model ${KISYS3DMOD}/Resistor_SMD.3dshapes/R_0603_1608Metric.wrl
      (at (xyz 0 0 0))
      (scale (xyz 1 1 1))
      (rotate (xyz 0 0 0))
    )
  )

  (module Resistor_SMD:R_0603_1608Metric (layer F.Cu) (tedit 5B301BBD) (tstamp 5CF8333A)
    (at 162.8 65.52 180)
    (descr "Resistor SMD 0603 (1608 Metric), square (rectangular) end terminal, IPC_7351 nominal, (Body size source: http://www.tortai-tech.com/upload/download/2011102023233369053.pdf), generated with kicad-footprint-generator")
    (tags resistor)
    (path /5A886BED)
    (attr smd)
    (fp_text reference R4 (at 0 -1.43) (layer F.SilkS)
      (effects (font (size 1 1) (thickness 0.15)))
    )
    (fp_text value 1K (at 0 1.43) (layer F.Fab)
      (effects (font (size 1 1) (thickness 0.15)))
    )
    (fp_text user %R (at 0 0) (layer F.Fab)
      (effects (font (size 0.4 0.4) (thickness 0.06)))
    )
    (fp_line (start 1.48 0.73) (end -1.48 0.73) (layer F.CrtYd) (width 0.05))
    (fp_line (start 1.48 -0.73) (end 1.48 0.73) (layer F.CrtYd) (width 0.05))
    (fp_line (start -1.48 -0.73) (end 1.48 -0.73) (layer F.CrtYd) (width 0.05))
    (fp_line (start -1.48 0.73) (end -1.48 -0.73) (layer F.CrtYd) (width 0.05))
    (fp_line (start -0.162779 0.51) (end 0.162779 0.51) (layer F.SilkS) (width 0.12))
    (fp_line (start -0.162779 -0.51) (end 0.162779 -0.51) (layer F.SilkS) (width 0.12))
    (fp_line (start 0.8 0.4) (end -0.8 0.4) (layer F.Fab) (width 0.1))
    (fp_line (start 0.8 -0.4) (end 0.8 0.4) (layer F.Fab) (width 0.1))
    (fp_line (start -0.8 -0.4) (end 0.8 -0.4) (layer F.Fab) (width 0.1))
    (fp_line (start -0.8 0.4) (end -0.8 -0.4) (layer F.Fab) (width 0.1))
    (pad 2 smd roundrect (at 0.7875 0 180) (size 0.875 0.95) (layers F.Cu F.Paste F.Mask) (roundrect_rratio 0.25)
      (net 7 /I2C_SDA))
    (pad 1 smd roundrect (at -0.7875 0 180) (size 0.875 0.95) (layers F.Cu F.Paste F.Mask) (roundrect_rratio 0.25)
      (net 1 +3V3))
    (model ${KISYS3DMOD}/Resistor_SMD.3dshapes/R_0603_1608Metric.wrl
      (at (xyz 0 0 0))
      (scale (xyz 1 1 1))
      (rotate (xyz 0 0 0))
    )
  )

  (module Resistor_SMD:R_0603_1608Metric (layer F.Cu) (tedit 5B301BBD) (tstamp 5CF8334A)
    (at 156.57 60.74 90)
    (descr "Resistor SMD 0603 (1608 Metric), square (rectangular) end terminal, IPC_7351 nominal, (Body size source: http://www.tortai-tech.com/upload/download/2011102023233369053.pdf), generated with kicad-footprint-generator")
    (tags resistor)
    (path /5A8856A7)
    (attr smd)
    (fp_text reference R5 (at 0 -1.43 90) (layer F.SilkS)
      (effects (font (size 1 1) (thickness 0.15)))
    )
    (fp_text value 6.98 (at 0 1.43 90) (layer F.Fab)
      (effects (font (size 1 1) (thickness 0.15)))
    )
    (fp_line (start -0.8 0.4) (end -0.8 -0.4) (layer F.Fab) (width 0.1))
    (fp_line (start -0.8 -0.4) (end 0.8 -0.4) (layer F.Fab) (width 0.1))
    (fp_line (start 0.8 -0.4) (end 0.8 0.4) (layer F.Fab) (width 0.1))
    (fp_line (start 0.8 0.4) (end -0.8 0.4) (layer F.Fab) (width 0.1))
    (fp_line (start -0.162779 -0.51) (end 0.162779 -0.51) (layer F.SilkS) (width 0.12))
    (fp_line (start -0.162779 0.51) (end 0.162779 0.51) (layer F.SilkS) (width 0.12))
    (fp_line (start -1.48 0.73) (end -1.48 -0.73) (layer F.CrtYd) (width 0.05))
    (fp_line (start -1.48 -0.73) (end 1.48 -0.73) (layer F.CrtYd) (width 0.05))
    (fp_line (start 1.48 -0.73) (end 1.48 0.73) (layer F.CrtYd) (width 0.05))
    (fp_line (start 1.48 0.73) (end -1.48 0.73) (layer F.CrtYd) (width 0.05))
    (fp_text user %R (at 0 0 90) (layer F.Fab)
      (effects (font (size 0.4 0.4) (thickness 0.06)))
    )
    (pad 1 smd roundrect (at -0.7875 0 90) (size 0.875 0.95) (layers F.Cu F.Paste F.Mask) (roundrect_rratio 0.25)
      (net 5 /LED))
    (pad 2 smd roundrect (at 0.7875 0 90) (size 0.875 0.95) (layers F.Cu F.Paste F.Mask) (roundrect_rratio 0.25)
      (net 4 "Net-(D1-Pad2)"))
    (model ${KISYS3DMOD}/Resistor_SMD.3dshapes/R_0603_1608Metric.wrl
      (at (xyz 0 0 0))
      (scale (xyz 1 1 1))
      (rotate (xyz 0 0 0))
    )
  )

  (gr_line (start 166 76) (end 149 76) (layer Edge.Cuts) (width 0.15))
  (gr_line (start 168 78) (end 169 78) (layer Edge.Cuts) (width 0.15))
  (gr_line (start 166 58) (end 149 58) (layer Edge.Cuts) (width 0.15))
  (gr_line (start 168 56) (end 169 56) (layer Edge.Cuts) (width 0.15))
  (gr_line (start 180 56) (end 169 56) (layer Edge.Cuts) (width 0.15))
  (gr_line (start 182 58) (end 182 60) (layer Edge.Cuts) (width 0.15))
  (gr_line (start 182 74) (end 182 76) (layer Edge.Cuts) (width 0.15))
  (gr_arc (start 180 76) (end 182 76) (angle 90) (layer Edge.Cuts) (width 0.15) (tstamp 5AB53137))
  (gr_line (start 169 78) (end 180 78) (layer Edge.Cuts) (width 0.15))
  (gr_arc (start 168 57) (end 167 57) (angle 90) (layer Edge.Cuts) (width 0.15) (tstamp 5AB53048))
  (gr_arc (start 166 57) (end 167 57) (angle 90) (layer Edge.Cuts) (width 0.15) (tstamp 5AB53047))
  (gr_arc (start 168 77) (end 168 78) (angle 90) (layer Edge.Cuts) (width 0.15) (tstamp 5AB53030))
  (gr_arc (start 166 77) (end 166 76) (angle 90) (layer Edge.Cuts) (width 0.15))
  (gr_line (start 147.7 59.3) (end 147.7 60) (layer Edge.Cuts) (width 0.15))
  (gr_line (start 147.7 74) (end 147.7 74.7) (layer Edge.Cuts) (width 0.15))
  (gr_arc (start 149 74.7) (end 149 76) (angle 90) (layer Edge.Cuts) (width 0.15) (tstamp 5A9AC4FC))
  (gr_arc (start 149 59.3) (end 147.7 59.3) (angle 90) (layer Edge.Cuts) (width 0.15))
  (gr_arc (start 180 58) (end 180 56) (angle 90) (layer Edge.Cuts) (width 0.15) (tstamp 5A9A9DBA))
  (gr_text 3V3 (at 159 73.4) (layer B.SilkS) (tstamp 5A974440)
    (effects (font (size 1.5 1.5) (thickness 0.3)) (justify mirror))
  )
  (gr_text SCL (at 158.6 60.7) (layer B.SilkS) (tstamp 5A9743FC)
    (effects (font (size 1.5 1.5) (thickness 0.3)) (justify mirror))
  )
  (gr_text SDA (at 158.7 63.2) (layer B.SilkS) (tstamp 5A9743FA)
    (effects (font (size 1.5 1.5) (thickness 0.3)) (justify mirror))
  )
  (gr_text GND (at 159 70.8) (layer B.SilkS) (tstamp 5A9743F8)
    (effects (font (size 1.5 1.5) (thickness 0.3)) (justify mirror))
  )
  (gr_text LED (at 158.7 65.8) (layer B.SilkS) (tstamp 5A9743F7)
    (effects (font (size 1.5 1.5) (thickness 0.3)) (justify mirror))
  )
  (gr_text GC (at 158.2 68.3) (layer B.SilkS)
    (effects (font (size 1.5 1.5) (thickness 0.3)) (justify mirror))
  )
  (gr_line (start 182 74) (end 182 60) (layer Edge.Cuts) (width 0.15))
  (gr_line (start 147.7 60) (end 147.7 74) (layer Edge.Cuts) (width 0.15))

  (segment (start 158.11 69.53) (end 158.11 69.71) (width 0.635) (layer F.Cu) (net 1))
  (segment (start 158.11 69.71) (end 156.9 70.92) (width 0.635) (layer F.Cu) (net 1))
  (segment (start 156.9 70.92) (end 156.9 72.92) (width 0.635) (layer F.Cu) (net 1))
  (segment (start 156.9 72.92) (end 157.5 73.52) (width 0.635) (layer F.Cu) (net 1))
  (segment (start 151.73 73.35) (end 154.27 73.35) (width 0.635) (layer F.Cu) (net 1))
  (segment (start 161.29 68.91) (end 164.3 68.91) (width 0.4064) (layer B.Cu) (net 1))
  (segment (start 164.3 68.91) (end 173.165 68.91) (width 0.4064) (layer B.Cu) (net 1))
  (segment (start 164.3 63.19) (end 164.3 63.614264) (width 0.4064) (layer B.Cu) (net 1))
  (segment (start 164.3 63.614264) (end 164.3 68.91) (width 0.4064) (layer B.Cu) (net 1))
  (segment (start 159.2 71) (end 161.29 68.91) (width 0.4064) (layer B.Cu) (net 1))
  (segment (start 154.27 73.35) (end 156.62 71) (width 0.4064) (layer B.Cu) (net 1))
  (segment (start 156.62 71) (end 159.2 71) (width 0.4064) (layer B.Cu) (net 1))
  (segment (start 159.2 71.73) (end 159.2 71) (width 0.254) (layer F.Cu) (net 1))
  (via (at 159.2 71) (size 0.6) (drill 0.3) (layers F.Cu B.Cu) (net 1))
  (segment (start 157.91 73.52) (end 157.5 73.52) (width 0.635) (layer F.Cu) (net 1))
  (segment (start 157.5 73.52) (end 154.44 73.52) (width 0.635) (layer F.Cu) (net 1))
  (segment (start 154.44 73.52) (end 154.27 73.35) (width 0.635) (layer F.Cu) (net 1))
  (segment (start 164.3 62.15) (end 164.3 63.19) (width 0.254) (layer F.Cu) (net 1))
  (segment (start 163.34 64.1) (end 163.39 64.1) (width 0.254) (layer F.Cu) (net 1))
  (segment (start 163.39 64.1) (end 164.3 63.19) (width 0.254) (layer F.Cu) (net 1))
  (via (at 164.3 63.19) (size 0.6) (drill 0.3) (layers F.Cu B.Cu) (net 1))
  (segment (start 164.26 65.52) (end 164.35 65.61) (width 0.254) (layer F.Cu) (net 1))
  (segment (start 164.35 65.61) (end 164.35 66.94) (width 0.254) (layer F.Cu) (net 1))
  (segment (start 163.55 65.52) (end 164.26 65.52) (width 0.254) (layer F.Cu) (net 1))
  (segment (start 163.34 64.1) (end 163.55 64.31) (width 0.254) (layer F.Cu) (net 1))
  (segment (start 163.55 64.31) (end 163.55 65.52) (width 0.254) (layer F.Cu) (net 1))
  (segment (start 162.75 64.1) (end 163.34 64.1) (width 0.254) (layer F.Cu) (net 1))
  (segment (start 157.91 73.495) (end 157.91 73.52) (width 0.508) (layer F.Cu) (net 1))
  (segment (start 157.82 73.43) (end 157.91 73.52) (width 0.508) (layer F.Cu) (net 1))
  (segment (start 159.2 73.03) (end 158.4 73.03) (width 0.4064) (layer F.Cu) (net 1))
  (segment (start 158.4 73.03) (end 157.91 73.52) (width 0.4064) (layer F.Cu) (net 1))
  (segment (start 154.36 73.44) (end 154.27 73.35) (width 0.508) (layer F.Cu) (net 1))
  (segment (start 157.87 73.495) (end 157.87 73.52) (width 0.508) (layer F.Cu) (net 1))
  (segment (start 164.3 62.15) (end 165.5 62.15) (width 0.254) (layer F.Cu) (net 1))
  (segment (start 165.5 62.15) (end 165.7 61.95) (width 0.254) (layer F.Cu) (net 1))
  (segment (start 164.6 71.65) (end 166.03 71.65) (width 0.4064) (layer F.Cu) (net 2))
  (segment (start 159.2 72.38) (end 158.27 72.38) (width 0.4064) (layer F.Cu) (net 2))
  (segment (start 158.27 72.38) (end 157.91 72.02) (width 0.4064) (layer F.Cu) (net 2))
